-0.22709484612677272 -0.29749591057165103 -0.09704749731396016 -0.3187190434499923 0.3556951091124952 -0.39924056999412255 0.3718405430582036 -0.31125778024912426 -0.4630532032356184 -0.09779571067436739 -0.15433704210515484 0.22413111025616692 -0.3171524554006985 -0.19010532665353758 -0.044896849848539214 0.2356220298585336 
0.36275806037156677 -0.06380470854123267 -0.2489606633702548 0.026834564971563883 -0.29344922733716106 0.2990582558750398 0.3590771838616573 0.23643739079522455 -0.22175387115715933 0.3950931250556395 0.2807454929763562 -0.25648568846012076 -0.39049295636916775 0.05475709749011312 -0.31308826435616743 -0.35556829382137867 
0.006086108316116153 -0.1696433886475787 -0.09150407798568416 -0.13410620361615835 0.06228851652028751 -0.12150204204302524 -0.3028183357906227 -0.16984826385577656 -0.37109932853111033 -0.1044031725288262 -0.39570005831031113 -0.44357510926336136 0.40437459052095226 0.3545705309978302 0.2826167029705567 0.10565776556520909 
-0.34521864473764885 0.16330719294811083 0.23271224372001476 0.4868974520791593 0.3856119991667392 -0.22228752576901595 0.45597905938434713 -0.19688762984514072 -0.32104431180258886 -0.053521021532524776 0.3740532121732835 -0.19919180994906271 0.08952727301496595 -0.3122767795856456 -0.39060080440790723 0.24085752048969852 
-0.3035830934734712 0.2867627839475391 -0.008968906203513283 -0.027183265548141846 -0.27614218569654103 -0.14046239016962217 0.19061409684586028 -0.20253420173672493 -0.06151923541713053 0.4642395274826614 -0.25258591753301113 -0.023639839175603323 -0.10786288344780864 0.23472195369269913 -0.06613025439450776 0.3647034435854909 
-0.15404596306512047 0.4913986093131246 0.0939730902026096 -0.09846487671547796 -0.11710308492418148 -0.12714094260700232 -0.14064919075239504 -0.26373529574528426 -0.38257699474494705 -0.06584365419551858 -0.07372551180091601 -0.4037679666854244 0.39485864178451824 0.41601512061270757 0.4813437958087764 -0.017645004511980655 
-0.32073971200025647 0.2275240220432004 -0.09420282242440074 0.27261752327299366 0.25154258959264975 0.320806432712499 0.10798811589277524 -0.32708148616201654 -0.13832654104719264 0.4506223433381277 0.33443161361749585 0.04256191242918299 0.24227472062578653 0.08982707059742569 -0.21160463251534642 -0.1016039181915743 
0.09380128803996773 0.20263161397117133 -0.14335774836773232 -0.38546063432347216 0.27715333547624704 -0.15412011553160235 -0.3196502374402238 0.05780694035414844 0.12417421872922502 -0.23701043241994088 0.38798228388763045 0.4246987048984387 -0.1449507928978069 0.056246538026752176 0.4666910382856792 0.03317646865639469 
0.09950874037708957 0.1975793483184678 0.7138728665838069 -0.38635808578312575 -0.37193671254978966 0.5308088836468319 -0.021451860297375922 0.08198594395990132 0.4674428157595752 0.015363329076309608 0.36879020112557004 -0.39047962357485744 -0.26014483789011317 0.4169621040329107 0.2800760504706593 -0.2898040197254214 
-0.4448582998216664 -0.2950680032102236 0.31098637433667076 -0.07049477695159401 -0.48270959665085345 0.1622979650042158 -0.2984367147480466 0.5276565137474424 -0.26590794043390137 0.031247509162454643 0.012550121677580439 -0.08391488670652363 -0.10144254075721523 0.32115745063947476 0.2688243336038478 0.39444384981078 
-0.42991288722935606 0.5149493307434677 -0.43607983991082633 -0.06446428072635069 -0.15922938722950933 0.35351221881323347 -0.277083789217679 0.5176565897992661 -0.1414229773439182 -0.3857801565554102 0.13267069053147604 -0.14484940515337202 -0.13277615785635935 -0.14246363212577687 -0.12823512860635566 0.44419989154129763 
0.278262613910124 -0.21016480691978592 -0.17675623473959756 0.5009114400545883 0.08965105450432866 -0.30226274606225717 0.3113336184348611 -0.07477296596847471 0.04134332741413962 -0.4375453854857086 0.33984205180279864 0.3482510132945797 -0.4822288605030248 -0.4482562146550171 0.04151327224611703 0.40895927977492524 
