-0.11991282552059074 0.3238915798374796 0.05677265167889103 -0.05183227467099185 -0.20441099643448185 -0.22141728857179438 -0.2047478356527574 -0.014358281505642669 -0.07123631954845956 -0.5427209382558357 -0.2656378003970117 0.3582027682828769 
-0.30159168220959265 -0.05358029595837664 -0.34257280545522056 0.23136211200369508 0.39544583295250285 0.35272886959755034 -0.11985605817121345 0.2867945660484853 -0.0816771218764511 -0.44780355708900194 0.3745954691420235 0.013782888451510865 
-0.014250798792349095 -0.23598950555774817 -0.15398274566723094 0.11978206440468994 -0.040868470172103266 -0.044251989707212495 -0.14401798905697968 -0.16122947958623662 0.41136001310566733 0.2556991480807491 -0.3494217436619922 0.003474216043523887 
-0.5024762430010372 -0.08820273460511599 -0.3632675576828662 0.3562881508647499 -0.06617965623744688 0.03266366580059305 0.15995382283622966 -0.44596762806226375 -0.22809862560700925 -0.019204309548192397 -0.3035474983525022 0.25694800190993905 
0.3603667302129584 -0.26674388523901194 0.10525468869961964 0.3561416314048196 -0.40427604262680555 -0.11802259498241512 0.24507906369359947 0.3839442141178129 -0.33991579260680044 -0.2747692507743718 -0.010622340784557097 -0.07606429176066432 
-0.11468485692097499 0.1390084251663915 0.11391817429619973 -0.1223785877673693 -0.10162699016091506 -0.13275954926598235 0.5612819248716249 -0.20030299297205162 0.2985738902295425 0.13985355180474396 0.33096513562614105 -0.17860070500480182 
0.2719322419337133 0.3108231615055736 -0.2644600291091204 0.36723887650055387 0.10798169838132923 -0.2695201527587329 -0.052358576215400035 -0.1438183322578635 0.1989412473328887 -0.23176578347590437 -0.2777114236815471 0.17830461086206864 
-0.23955780796489173 0.12146011621728992 -0.01595369690299143 -0.15434618495261326 -0.11808539274389383 -0.007038240383701172 -0.08986004405962485 -0.09340864799899708 0.052826024802070874 0.34362390468726656 0.268964412647704 -0.15466198409031706 
-0.3757001246755621 -0.38919747040150343 -0.45153828668391294 -0.10948623099598453 0.12949792467937266 -0.304961388046109 -0.15861584684652277 -0.0993211849208636 0.2117882380917664 -0.16632345159680914 -0.14133241809652639 -0.025907924578347237 
-0.07669558600478392 0.2909780093906965 -0.10505827890968494 -0.17578319605913043 0.4988558315074174 -0.18224003549821796 0.31477955490644804 -0.0025169806476519 0.031560730418201316 0.18787327608449295 -0.3637426607314604 -0.4790092169745097 
0.04691306223366087 0.18923098566490645 -0.13702046691595654 0.44306936262277524 -0.347120577071751 -0.22174684958610316 0.5811762547287258 0.4186898649734991 0.2585124135862237 0.0036881250653230863 -0.0768317586694011 0.3264032973108912 
0.18882352847172226 -0.34807595786198176 -0.3736578097207629 -0.34886235803095056 -0.010516982633989216 -0.21570211398359176 0.08391628986329981 0.39266690740167187 -0.47175358028371356 0.11377726467098323 -0.24806466562613932 -0.010023965081453475 
-0.40728449991559973 -0.3921915259550341 0.06718545098229795 0.0989526648081771 -0.1279250467285501 0.5224314579078033 0.038565860110808835 -0.13673909221973635 -0.2857700598255621 -0.000021991704924375186 -0.03003453728431956 -0.3779749687174865 
-0.018339329323177094 0.13024340554021122 0.3873419469726104 -0.24547270610114202 0.2776141824118737 0.2309675077526449 0.1426697280231366 0.10772414438177606 0.2763320382719243 0.1885554405141515 -0.13963795952580765 -0.08520048296326696 
0.1125649517437302 -0.16540721704235078 0.31516507838552454 -0.26433687919189336 -0.001392524288512826 0.4129676341511064 -0.036968777829427 0.32566090808035564 0.050858694684877824 0.06693681115613252 -0.24982303902274342 0.3475149144764616 
0.06205003707092144 -0.18886024110491742 0.047975810740582776 0.034214685312125556 0.34168822337200333 -0.023487530258268496 -0.13859091822931843 0.000821989309415267 -0.15527360720839692 0.23742947638675016 0.11500761909672572 0.32313797842329084 
